1990 35
1990 26
1990 22
1991 23
1991 22
1991 20
1992 13
1992 23
1992 29
1993 26
1993 27
1993 23
1994 21
1994 24
1994 13
1994 23
1995 39
1995 23
1995 22
1995 22
1996 21
1996 20
1996 12
1996 23
1997 23
1997 26
1997 25
1997 26
1998 21
1998 20
1998 13
1998 23
1998 25
1998 26
1999 22
1999 26
1999 21
1999 27
1999 18
2000 23
2001 43
2001 54
2001 32
2001 31
2002 42
2002 54
2002 39
2003 38
2003 45
2003 53
2004 31
2004 31
2004 35
2005 54
2005 32
2005 41
2006 35
2006 24
2007 22
2007 33
2008 45
2008 34
2009 12
2009 21
2010 22
2010 21
2011 49
2011 22
2012 31
2012 39
2012 52
2013 11
2013 21
2014 42
2014 37
2014 16
